              precision    recall  f1-score   support

  CLASS-1248       1.00      1.00      1.00         2
  CLASS-1249       1.00      1.00      1.00        72
  CLASS-1250       1.00      1.00      1.00       190
  CLASS-1274       1.00      1.00      1.00       461
  CLASS-1294       1.00      1.00      1.00         8
  CLASS-1309       1.00      1.00      1.00         7
  CLASS-1322       1.00      1.00      1.00        19
  CLASS-1376       1.00      1.00      1.00       203
  CLASS-1429       1.00      1.00      1.00        13
  CLASS-1477       1.00      1.00      1.00        22
  CLASS-1522       1.00      1.00      1.00       400
  CLASS-1567       1.00      1.00      1.00        32
  CLASS-1652       1.00      1.00      1.00         3
  CLASS-1721       1.00      1.00      1.00        75
  CLASS-1758       1.00      1.00      1.00       649
  CLASS-1770       1.00      1.00      1.00         5
  CLASS-1805       1.00      1.00      1.00         1
  CLASS-1828       1.00      1.00      1.00        61
  CLASS-1850       1.00      1.00      1.00        17
  CLASS-1867       1.00      1.00      1.00         5
  CLASS-1870       1.00      1.00      1.00        13
  CLASS-1919       1.00      1.00      1.00        37
  CLASS-1963       1.00      1.00      1.00        71
  CLASS-1964       1.00      1.00      1.00         8
  CLASS-1983       1.00      1.00      1.00         6
  CLASS-2003       1.00      1.00      1.00        15
  CLASS-2038       1.00      1.00      1.00         3
  CLASS-2112       1.00      1.00      1.00        12
  CLASS-2141       1.00      1.00      1.00        27
  CLASS-2241       1.00      1.00      1.00         9

   micro avg       1.00      1.00      1.00      2446
   macro avg       1.00      1.00      1.00      2446
weighted avg       1.00      1.00      1.00      2446
